1 0.007688549161025215
2 0.007688549161025215
3 0.007688549161025215
4 0.007688549161025215
5 0.007688549161025215
6 0.007688549161025215
7 0.007688549161025215
8 0.007688549161025215
9 0.007688549161025215
10 0.007688549161025215
11 0.007688549161025215
12 0.007688549161025215
13 0.007688549161025215
14 0.007069037010757658
15 0.00687865522885408
16 0.00687865522885408
17 0.005959635122448379
18 0.004415216524176195
19 0.0043629604202587
20 0.0029674376676138065
21 0.0029674376676138065
22 0.0029674376676138065
23 0.0029674376676138065
24 0.0029674376676138065
25 0.0029674376676138065
26 0.0029674376676138065
27 0.0029674376676138065
28 0.0029674376676138065
29 0.0029674376676138065
30 0.0029674376676138065
31 0.0029674376676138065
32 0.0029674376676138065
33 0.0029674376676138065
34 0.0029674376676138065
35 0.0029674376676138065
36 0.0029674376676138065
37 0.0029674376676138065
38 0.0029674376676138065
39 0.0029674376676138065
40 0.0029674376676138065
41 0.0029674376676138065
42 0.0029674376676138065
43 0.0029674376676138065
44 0.0029674376676138065
45 0.0029674376676138065
46 0.0029674376676138065
47 0.0029674376676138065
48 0.0029674376676138065
49 0.0029674376676138065
50 0.0029674376676138065
51 0.0029674376676138065
52 0.0029674376676138065
53 0.0029674376676138065
54 0.0029674376676138065
55 0.0029674376676138065
56 0.0029674376676138065
57 0.0029674376676138065
58 0.0029674376676138065
59 0.0029674376676138065
60 0.0029674376676138065
61 0.0029674376676138065
62 0.0029674376676138065
63 0.0029674376676138065
64 0.0029674376676138065
65 0.0029674376676138065
66 0.0029674376676138065
67 0.0029674376676138065
68 0.0029674376676138065
69 0.0029674376676138065
70 0.0029674376676138065
71 0.0029674376676138065
72 0.0029674376676138065
73 0.0029674376676138065
74 0.0029674376676138065
75 0.0029674376676138065
76 0.0029674376676138065
77 0.0029674376676138065
78 0.0029674376676138065
79 0.0029674376676138065
80 0.0029674376676138065
81 0.0029674376676138065
82 0.0029674376676138065
83 0.0029674376676138065
84 0.0029674376676138065
85 0.0029674376676138065
86 0.0029674376676138065
87 0.0029674376676138065
88 0.0029674376676138065
89 0.0029674376676138065
90 0.0029674376676138065
91 0.0029674376676138065
92 0.0029674376676138065
93 0.0029674376676138065
94 0.0029674376676138065
95 0.0029674376676138065
96 0.0029674376676138065
97 0.0029674376676138065
98 0.0029674376676138065
99 0.0029674376676138065
100 0.0029674376676138065
101 0.0029674376676138065
102 0.0029674376676138065
103 0.0029674376676138065
104 0.0029674376676138065
105 0.0029674376676138065
106 0.0029674376676138065
107 0.0029674376676138065
108 0.0029674376676138065
109 0.0029674376676138065
110 0.0029674376676138065
111 0.0029674376676138065
112 0.0029674376676138065
113 0.0029674376676138065
114 0.0029674376676138065
115 0.0029674376676138065
116 0.0029674376676138065
117 0.0029674376676138065
118 0.0029674376676138065
119 0.0029674376676138065
120 0.0029674376676138065
121 0.0029674376676138065
122 0.0029674376676138065
123 0.0029674376676138065
124 0.0029674376676138065
125 0.0029674376676138065
126 0.0029674376676138065
127 0.0029674376676138065
128 0.0029674376676138065
129 0.0029674376676138065
130 0.0029674376676138065
131 0.0029674376676138065
132 0.0029674376676138065
133 0.0029674376676138065
134 0.0029674376676138065
135 0.0029674376676138065
136 0.0029674376676138065
137 0.0029674376676138065
138 0.0029674376676138065
139 0.0029674376676138065
140 0.0029674376676138065
141 0.0029674376676138065
142 0.0029674376676138065
143 0.0029674376676138065
144 0.0029674376676138065
145 0.0029674376676138065
146 0.0029674376676138065
147 0.0029674376676138065
148 0.0029674376676138065
149 0.0029674376676138065
150 0.0029674376676138065
151 0.0029674376676138065
152 0.0029674376676138065
153 0.0029674376676138065
154 0.0029674376676138065
155 0.0029674376676138065
156 0.0029674376676138065
157 0.0029674376676138065
158 0.0029674376676138065
159 0.0029674376676138065
160 0.0029674376676138065
161 0.0029674376676138065
162 0.0029674376676138065
163 0.0029674376676138065
164 0.0029674376676138065
165 0.0029674376676138065
166 0.0029674376676138065
167 0.0029674376676138065
168 0.0029674376676138065
169 0.0029674376676138065
170 0.0029674376676138065
171 0.0029674376676138065
172 0.0029674376676138065
173 0.0029674376676138065
174 0.0029674376676138065
175 0.0029674376676138065
176 0.0029674376676138065
177 0.0029674376676138065
178 0.0029674376676138065
179 0.0029674376676138065
180 0.0029674376676138065
181 0.0029674376676138065
182 0.0029674376676138065
183 0.0029674376676138065
184 0.0029674376676138065
185 0.0029674376676138065
186 0.0029674376676138065
187 0.0029674376676138065
188 0.0029674376676138065
189 0.0029674376676138065
190 0.0029674376676138065
191 0.0029674376676138065
192 0.0029674376676138065
193 0.0029674376676138065
194 0.0029674376676138065
195 0.0029674376676138065
196 0.0029674376676138065
197 0.0029674376676138065
198 0.0029674376676138065
199 0.0029674376676138065
200 0.0029674376676138065
201 0.0029674376676138065
202 0.0029674376676138065
203 0.0029674376676138065
204 0.0029674376676138065
205 0.0029674376676138065
206 0.0029674376676138065
207 0.0029674376676138065
208 0.0029674376676138065
209 0.0029674376676138065
210 0.0029674376676138065
211 0.0029674376676138065
212 0.0029674376676138065
213 0.0029674376676138065
214 0.0029674376676138065
215 0.0029674376676138065
216 0.0029674376676138065
217 0.0029674376676138065
218 0.0029674376676138065
219 0.0029674376676138065
220 0.0029674376676138065
221 0.0029674376676138065
222 0.0029674376676138065
223 0.0029674376676138065
224 0.0029674376676138065
225 0.0029674376676138065
226 0.0029674376676138065
227 0.0029674376676138065
228 0.0029674376676138065
229 0.0029674376676138065
230 0.0029674376676138065
231 0.0029674376676138065
232 0.0029674376676138065
233 0.0029674376676138065
234 0.0029674376676138065
235 0.0029674376676138065
236 0.0029674376676138065
237 0.0029674376676138065
238 0.0029674376676138065
239 0.0029674376676138065
240 0.0029674376676138065
241 0.0029674376676138065
242 0.0029674376676138065
243 0.0029674376676138065
244 0.0029674376676138065
245 0.0029674376676138065
246 0.0029674376676138065
247 0.0029674376676138065
248 0.0029674376676138065
249 0.0029674376676138065
250 0.0029674376676138065
251 0.0029674376676138065
252 0.0029674376676138065
253 0.0029674376676138065
254 0.0029674376676138065
255 0.0029674376676138065
256 0.0029674376676138065
257 0.0029674376676138065
258 0.0029674376676138065
259 0.0029674376676138065
260 0.0029674376676138065
261 0.0029674376676138065
262 0.0029674376676138065
263 0.0029674376676138065
264 0.0029674376676138065
265 0.0029674376676138065
266 0.0029674376676138065
267 0.0029674376676138065
268 0.0029674376676138065
269 0.0029674376676138065
270 0.0029674376676138065
271 0.0029674376676138065
272 0.0029674376676138065
273 0.0029674376676138065
274 0.0029674376676138065
275 0.0029674376676138065
276 0.0029674376676138065
277 0.0029674376676138065
278 0.0029674376676138065
279 0.0029674376676138065
280 0.0029674376676138065
281 0.0029674376676138065
282 0.0029674376676138065
283 0.0029674376676138065
284 0.0029674376676138065
285 0.0029674376676138065
286 0.0029674376676138065
287 0.0029674376676138065
288 0.0029674376676138065
289 0.0029674376676138065
290 0.0029674376676138065
291 0.0029674376676138065
292 0.0029674376676138065
293 0.0029674376676138065
294 0.0029674376676138065
295 0.0029674376676138065
296 0.0029674376676138065
297 0.0029674376676138065
298 0.0029674376676138065
299 0.0029674376676138065
300 0.0029674376676138065
301 0.0029674376676138065
302 0.0029674376676138065
303 0.0029674376676138065
304 0.0029674376676138065
305 0.0029674376676138065
306 0.0029674376676138065
307 0.0029674376676138065
308 0.0029674376676138065
309 0.0029674376676138065
310 0.0029674376676138065
311 0.0029674376676138065
312 0.0029674376676138065
313 0.0029674376676138065
314 0.0029674376676138065
315 0.0029674376676138065
316 0.0029674376676138065
317 0.0029674376676138065
318 0.0029674376676138065
319 0.0029674376676138065
320 0.0029674376676138065
321 0.0029674376676138065
322 0.0029674376676138065
323 0.0029674376676138065
324 0.0029674376676138065
325 0.0029674376676138065
326 0.0029674376676138065
327 0.0029674376676138065
328 0.0029674376676138065
329 0.0029674376676138065
330 0.0029674376676138065
331 0.0029674376676138065
332 0.0029674376676138065
333 0.0029674376676138065
334 0.0029674376676138065
335 0.0029674376676138065
336 0.0029674376676138065
337 0.0029674376676138065
338 0.0029674376676138065
339 0.0029674376676138065
340 0.0029674376676138065
341 0.0029674376676138065
342 0.0029674376676138065
343 0.0029674376676138065
344 0.0029674376676138065
345 0.0029674376676138065
346 0.0029674376676138065
347 0.0029674376676138065
348 0.0029674376676138065
349 0.0029674376676138065
350 0.0029674376676138065
351 0.0029674376676138065
352 0.0029674376676138065
353 0.0029674376676138065
354 0.0029674376676138065
355 0.0029674376676138065
356 0.0029674376676138065
357 0.0029674376676138065
358 0.0029674376676138065
359 0.0029674376676138065
360 0.0029674376676138065
361 0.0029674376676138065
362 0.0029674376676138065
363 0.0029674376676138065
364 0.0029674376676138065
365 0.0029674376676138065
366 0.0029674376676138065
367 0.0029674376676138065
368 0.0029674376676138065
369 0.0029674376676138065
370 0.0029674376676138065
371 0.0029674376676138065
372 0.0029674376676138065
373 0.0029674376676138065
374 0.0029674376676138065
375 0.0029674376676138065
376 0.0029674376676138065
377 0.0029674376676138065
378 0.0029674376676138065
379 0.0029674376676138065
380 0.0029674376676138065
381 0.0029674376676138065
382 0.0029674376676138065
383 0.0029674376676138065
384 0.0029674376676138065
385 0.0029674376676138065
386 0.0029674376676138065
387 0.0029674376676138065
388 0.0029674376676138065
389 0.0029674376676138065
390 0.0029674376676138065
391 0.0029674376676138065
392 0.0029674376676138065
393 0.0029674376676138065
394 0.0029674376676138065
395 0.0029674376676138065
396 0.0029674376676138065
397 0.0029674376676138065
398 0.0029674376676138065
399 0.0029674376676138065
400 0.0029674376676138065
401 0.0029674376676138065
402 0.0029674376676138065
403 0.0029674376676138065
404 0.0029674376676138065
405 0.0029674376676138065
406 0.0029674376676138065
407 0.0029674376676138065
408 0.0029674376676138065
409 0.0029674376676138065
410 0.0029674376676138065
411 0.0029674376676138065
412 0.0029674376676138065
413 0.0029674376676138065
414 0.0029674376676138065
415 0.0029674376676138065
416 0.0029674376676138065
417 0.0029674376676138065
418 0.0029674376676138065
419 0.0029674376676138065
420 0.0029674376676138065
421 0.0029674376676138065
422 0.0029674376676138065
423 0.0029674376676138065
424 0.0029674376676138065
425 0.0029674376676138065
426 0.0029674376676138065
427 0.0029674376676138065
428 0.0029674376676138065
429 0.0029674376676138065
430 0.0029674376676138065
431 0.0029674376676138065
432 0.0029674376676138065
433 0.0029674376676138065
434 0.0029674376676138065
435 0.0029674376676138065
436 0.0029674376676138065
437 0.0029674376676138065
438 0.0029674376676138065
439 0.0029674376676138065
440 0.0029674376676138065
441 0.0029674376676138065
442 0.0029674376676138065
443 0.0029674376676138065
444 0.0029674376676138065
445 0.0029674376676138065
446 0.0029674376676138065
447 0.0029674376676138065
448 0.0029674376676138065
449 0.0029674376676138065
450 0.0029674376676138065
451 0.0029674376676138065
452 0.0029674376676138065
453 0.0029674376676138065
454 0.0029674376676138065
455 0.0029674376676138065
456 0.0029674376676138065
457 0.0029674376676138065
458 0.0029674376676138065
459 0.0029674376676138065
460 0.0029674376676138065
461 0.0029674376676138065
462 0.0029674376676138065
463 0.0029674376676138065
464 0.0029674376676138065
465 0.0029674376676138065
466 0.0029674376676138065
467 0.0029674376676138065
468 0.0029674376676138065
469 0.0029674376676138065
470 0.0029674376676138065
471 0.0029674376676138065
472 0.0029674376676138065
473 0.0029674376676138065
474 0.0029674376676138065
475 0.0029674376676138065
476 0.0029674376676138065
477 0.0029674376676138065
478 0.0029674376676138065
479 0.0029674376676138065
480 0.0029674376676138065
481 0.0029674376676138065
482 0.0029674376676138065
483 0.0029674376676138065
484 0.0029674376676138065
485 0.0029674376676138065
486 0.0029674376676138065
487 0.0029674376676138065
488 0.0029674376676138065
489 0.0029674376676138065
490 0.0029674376676138065
491 0.0029674376676138065
492 0.0029674376676138065
493 0.0029674376676138065
494 0.0029674376676138065
495 0.0029674376676138065
496 0.0029674376676138065
497 0.0029674376676138065
498 0.0029674376676138065
499 0.0029674376676138065
500 0.0029674376676138065
501 0.0029674376676138065
502 0.0029674376676138065
503 0.0029674376676138065
504 0.0029674376676138065
505 0.0029674376676138065
506 0.0029674376676138065
507 0.0029674376676138065
508 0.0029674376676138065
509 0.0029674376676138065
510 0.0029674376676138065
511 0.0029674376676138065
512 0.0029674376676138065
513 0.0029674376676138065
514 0.0029674376676138065
515 0.0029674376676138065
516 0.0029674376676138065
517 0.0029674376676138065
518 0.0029674376676138065
519 0.0029674376676138065
520 0.0029674376676138065
521 0.0029674376676138065
522 0.0029674376676138065
523 0.0029674376676138065
524 0.0029674376676138065
525 0.0029674376676138065
526 0.0029674376676138065
527 0.0029674376676138065
528 0.0029674376676138065
529 0.0029674376676138065
530 0.0029674376676138065
531 0.0029674376676138065
532 0.0029674376676138065
533 0.0029674376676138065
534 0.0029674376676138065
535 0.0029674376676138065
536 0.0029674376676138065
537 0.0029674376676138065
538 0.0029674376676138065
539 0.0029674376676138065
540 0.0029674376676138065
541 0.0029674376676138065
542 0.0029674376676138065
543 0.0029674376676138065
544 0.0029674376676138065
545 0.0029674376676138065
546 0.0029674376676138065
547 0.0029674376676138065
548 0.0029674376676138065
549 0.0029674376676138065
550 0.0029674376676138065
551 0.0029674376676138065
552 0.0029674376676138065
553 0.0029674376676138065
554 0.0029674376676138065
555 0.0029674376676138065
556 0.0029674376676138065
557 0.0029674376676138065
558 0.0029674376676138065
559 0.0029674376676138065
560 0.0029674376676138065
561 0.0029674376676138065
562 0.0029674376676138065
563 0.0029674376676138065
564 0.0029674376676138065
565 0.0029674376676138065
566 0.0029674376676138065
567 0.0029674376676138065
568 0.0029674376676138065
569 0.0029674376676138065
570 0.0029674376676138065
571 0.0029674376676138065
572 0.0029674376676138065
573 0.0029674376676138065
574 0.0029674376676138065
575 0.0029674376676138065
576 0.0029674376676138065
577 0.0029674376676138065
578 0.0029674376676138065
579 0.0029674376676138065
580 0.0029674376676138065
581 0.0029674376676138065
582 0.0029674376676138065
583 0.0029674376676138065
584 0.0029674376676138065
585 0.0029674376676138065
586 0.0029674376676138065
587 0.0029674376676138065
588 0.0029674376676138065
589 0.0029674376676138065
590 0.0029674376676138065
591 0.0029674376676138065
592 0.0029674376676138065
593 0.0029674376676138065
594 0.0029674376676138065
595 0.0029674376676138065
596 0.0029674376676138065
597 0.0029674376676138065
598 0.0029674376676138065
599 0.0029674376676138065
600 0.0029674376676138065
601 0.0029674376676138065
602 0.0029674376676138065
603 0.0029674376676138065
604 0.0029674376676138065
605 0.0029674376676138065
606 0.0029674376676138065
607 0.0029674376676138065
608 0.0029674376676138065
609 0.0029674376676138065
610 0.0029674376676138065
611 0.0029674376676138065
612 0.0029674376676138065
613 0.0029674376676138065
614 0.0029674376676138065
615 0.0029674376676138065
616 0.0029674376676138065
617 0.0029674376676138065
618 0.0029674376676138065
619 0.0029674376676138065
620 0.0029674376676138065
621 0.0029674376676138065
622 0.0029674376676138065
623 0.0029674376676138065
624 0.0029674376676138065
625 0.0029674376676138065
626 0.0029674376676138065
627 0.0029674376676138065
628 0.0029674376676138065
629 0.0029674376676138065
630 0.0029674376676138065
631 0.0029674376676138065
632 0.0029674376676138065
633 0.0029674376676138065
634 0.0029674376676138065
635 0.0029674376676138065
636 0.0029674376676138065
637 0.0029674376676138065
638 0.0029674376676138065
639 0.0029674376676138065
640 0.0029674376676138065
641 0.0029674376676138065
642 0.0029674376676138065
643 0.0029674376676138065
644 0.0029674376676138065
645 0.0029674376676138065
646 0.0029674376676138065
647 0.0029674376676138065
648 0.0029674376676138065
649 0.0029674376676138065
650 0.0029674376676138065
651 0.0029674376676138065
652 0.0029674376676138065
653 0.0029674376676138065
654 0.0029674376676138065
655 0.0029674376676138065
656 0.0029674376676138065
657 0.0029674376676138065
658 0.0029674376676138065
659 0.0029674376676138065
660 0.0029674376676138065
661 0.0029674376676138065
662 0.0029674376676138065
663 0.0029674376676138065
664 0.0029674376676138065
665 0.0029674376676138065
666 0.0029674376676138065
667 0.0029674376676138065
668 0.0029674376676138065
669 0.0029674376676138065
670 0.0029674376676138065
671 0.0029674376676138065
672 0.0029674376676138065
673 0.0029674376676138065
674 0.0029674376676138065
675 0.0029674376676138065
676 0.0029674376676138065
677 0.0029674376676138065
678 0.0029674376676138065
679 0.0029674376676138065
680 0.0029674376676138065
681 0.0029674376676138065
682 0.0029674376676138065
683 0.0029674376676138065
684 0.0029674376676138065
685 0.0029674376676138065
686 0.0029674376676138065
687 0.0029674376676138065
688 0.0029674376676138065
689 0.0029674376676138065
690 0.0029674376676138065
691 0.0029674376676138065
692 0.0029674376676138065
693 0.0029674376676138065
694 0.0029674376676138065
695 0.0029674376676138065
696 0.0029674376676138065
697 0.0029674376676138065
698 0.0029674376676138065
699 0.0029674376676138065
700 0.0029674376676138065
701 0.0029674376676138065
702 0.0029674376676138065
703 0.0029674376676138065
704 0.0029674376676138065
705 0.0029674376676138065
706 0.0029674376676138065
707 0.0029674376676138065
708 0.0029674376676138065
709 0.0029674376676138065
710 0.0029674376676138065
711 0.0029674376676138065
712 0.0029674376676138065
713 0.0029674376676138065
714 0.0029674376676138065
715 0.0029674376676138065
716 0.0029674376676138065
717 0.0029674376676138065
718 0.0029674376676138065
719 0.0029674376676138065
720 0.0029674376676138065
721 0.0029674376676138065
722 0.0029674376676138065
723 0.0029674376676138065
724 0.0029674376676138065
725 0.0029674376676138065
726 0.0029674376676138065
727 0.0029674376676138065
728 0.0029674376676138065
729 0.0029674376676138065
730 0.0029674376676138065
731 0.0029674376676138065
732 0.0029674376676138065
733 0.0029674376676138065
734 0.0029674376676138065
735 0.0029674376676138065
736 0.0029674376676138065
737 0.0029674376676138065
738 0.0029674376676138065
739 0.0029674376676138065
740 0.0029674376676138065
741 0.0029674376676138065
742 0.0029674376676138065
743 0.0029674376676138065
744 0.0029674376676138065
745 0.0029674376676138065
746 0.0029674376676138065
747 0.0029674376676138065
748 0.0029674376676138065
749 0.0029674376676138065
750 0.0029674376676138065
751 0.0029674376676138065
752 0.0029674376676138065
753 0.0029674376676138065
754 0.0029674376676138065
755 0.0029674376676138065
756 0.0029674376676138065
757 0.0029674376676138065
758 0.0029674376676138065
759 0.0029674376676138065
760 0.0029674376676138065
761 0.0029674376676138065
762 0.0029674376676138065
763 0.0029674376676138065
764 0.0029674376676138065
765 0.0029674376676138065
766 0.0029674376676138065
767 0.0029674376676138065
768 0.0029674376676138065
769 0.0029674376676138065
770 0.0029674376676138065
771 0.0029674376676138065
772 0.0029674376676138065
773 0.0029674376676138065
774 0.0029674376676138065
775 0.0029674376676138065
776 0.0029674376676138065
777 0.0029674376676138065
778 0.0029674376676138065
779 0.0029674376676138065
780 0.0029674376676138065
781 0.0029674376676138065
782 0.0029674376676138065
783 0.0029674376676138065
784 0.0029674376676138065
785 0.0029674376676138065
786 0.0029674376676138065
787 0.0029674376676138065
788 0.0029674376676138065
789 0.0029674376676138065
790 0.0029674376676138065
791 0.0029674376676138065
792 0.0029674376676138065
793 0.0029674376676138065
794 0.0029674376676138065
795 0.0029674376676138065
796 0.0029674376676138065
797 0.0029674376676138065
798 0.0029674376676138065
799 0.0029674376676138065
800 0.0029674376676138065
801 0.0029674376676138065
802 0.0029674376676138065
803 0.0029674376676138065
804 0.0029674376676138065
805 0.0029674376676138065
806 0.0029674376676138065
807 0.0029674376676138065
808 0.0029674376676138065
809 0.0029674376676138065
810 0.0029674376676138065
811 0.0029674376676138065
812 0.0029674376676138065
813 0.0029674376676138065
814 0.0029674376676138065
815 0.0029674376676138065
816 0.0029674376676138065
817 0.0029674376676138065
818 0.0029674376676138065
819 0.0029674376676138065
820 0.0029674376676138065
821 0.0029674376676138065
822 0.0029674376676138065
823 0.0029674376676138065
824 0.0029674376676138065
825 0.0029674376676138065
826 0.0029674376676138065
827 0.0029674376676138065
828 0.0029674376676138065
829 0.0029674376676138065
830 0.0029674376676138065
831 0.0029674376676138065
832 0.0029674376676138065
833 0.0029674376676138065
834 0.0029674376676138065
835 0.0029674376676138065
836 0.0029674376676138065
837 0.0029674376676138065
838 0.0029674376676138065
839 0.0029674376676138065
840 0.0029674376676138065
841 0.0029674376676138065
842 0.0029674376676138065
843 0.0029674376676138065
844 0.0029674376676138065
845 0.0029674376676138065
846 0.0029674376676138065
847 0.0029674376676138065
848 0.0029674376676138065
849 0.0029674376676138065
850 0.0029674376676138065
851 0.0029674376676138065
852 0.0029674376676138065
853 0.0029674376676138065
854 0.0029674376676138065
855 0.0029674376676138065
856 0.0029674376676138065
857 0.0029674376676138065
858 0.0029674376676138065
859 0.0029674376676138065
860 0.0029674376676138065
861 0.0029674376676138065
862 0.0029674376676138065
863 0.0029674376676138065
864 0.0029674376676138065
865 0.0029674376676138065
866 0.0029674376676138065
867 0.0029674376676138065
868 0.0029674376676138065
869 0.0029674376676138065
870 0.0029674376676138065
871 0.0029674376676138065
872 0.0029674376676138065
873 0.0029674376676138065
874 0.0029674376676138065
875 0.0029674376676138065
876 0.0029674376676138065
877 0.0029674376676138065
878 0.0029674376676138065
879 0.0029674376676138065
880 0.0029674376676138065
881 0.0029674376676138065
882 0.0029674376676138065
883 0.0029674376676138065
884 0.0029674376676138065
885 0.0029674376676138065
886 0.0029674376676138065
887 0.0029674376676138065
888 0.0029674376676138065
889 0.0029674376676138065
890 0.0029674376676138065
891 0.0029674376676138065
892 0.0029674376676138065
893 0.0029674376676138065
894 0.0029674376676138065
895 0.0029674376676138065
896 0.0029674376676138065
897 0.0029674376676138065
898 0.0029674376676138065
899 0.0029674376676138065
900 0.0029674376676138065
901 0.0029674376676138065
902 0.0029674376676138065
903 0.0029674376676138065
904 0.0029674376676138065
905 0.0029674376676138065
906 0.0029674376676138065
907 0.0029674376676138065
908 0.0029674376676138065
909 0.0029674376676138065
910 0.0029674376676138065
911 0.0029674376676138065
912 0.0029674376676138065
913 0.0029674376676138065
914 0.0029674376676138065
915 0.0029674376676138065
916 0.0029674376676138065
917 0.0029674376676138065
918 0.0029674376676138065
919 0.0029674376676138065
920 0.0029674376676138065
921 0.0029674376676138065
922 0.0029674376676138065
923 0.0029674376676138065
924 0.0029674376676138065
925 0.0029674376676138065
926 0.0029674376676138065
927 0.0029674376676138065
928 0.0029674376676138065
929 0.0029674376676138065
930 0.0029674376676138065
931 0.0029674376676138065
932 0.0029674376676138065
933 0.0029674376676138065
934 0.0029674376676138065
935 0.0029674376676138065
936 0.0029674376676138065
937 0.0029674376676138065
938 0.0029674376676138065
939 0.0029674376676138065
940 0.0029674376676138065
941 0.0029674376676138065
942 0.0029674376676138065
943 0.0029674376676138065
944 0.0029674376676138065
945 0.0029674376676138065
946 0.0029674376676138065
947 0.0029674376676138065
948 0.0029674376676138065
949 0.0029674376676138065
950 0.0029674376676138065
951 0.0029674376676138065
952 0.0029674376676138065
953 0.0029674376676138065
954 0.0029674376676138065
955 0.0029674376676138065
956 0.0029674376676138065
957 0.0029674376676138065
958 0.0029674376676138065
959 0.0029674376676138065
960 0.0029674376676138065
961 0.0029674376676138065
962 0.0029674376676138065
963 0.0029674376676138065
964 0.0029674376676138065
965 0.0029674376676138065
966 0.0029674376676138065
967 0.0029674376676138065
968 0.0029674376676138065
969 0.0029674376676138065
970 0.0029674376676138065
971 0.0029674376676138065
972 0.0029674376676138065
973 0.0029674376676138065
974 0.0029674376676138065
975 0.0029674376676138065
976 0.0029674376676138065
977 0.0029674376676138065
978 0.0029674376676138065
979 0.0029674376676138065
980 0.0029674376676138065
981 0.0029674376676138065
982 0.0029674376676138065
983 0.0029674376676138065
984 0.0029674376676138065
985 0.0029674376676138065
986 0.0029674376676138065
987 0.0029674376676138065
988 0.0029674376676138065
989 0.0029674376676138065
990 0.0029674376676138065
991 0.0029674376676138065
992 0.0029674376676138065
993 0.0029674376676138065
994 0.0029674376676138065
995 0.0029674376676138065
996 0.0029674376676138065
997 0.0029674376676138065
998 0.0029674376676138065
999 0.0029674376676138065
1000 0.0029674376676138065
1001 0.0029674376676138065
1002 0.0029674376676138065
1003 0.0029674376676138065
1004 0.0029674376676138065
1005 0.0029674376676138065
1006 0.0029674376676138065
1007 0.0029674376676138065
1008 0.0029674376676138065
1009 0.0029674376676138065
1010 0.0029674376676138065
1011 0.0029674376676138065
1012 0.0029674376676138065
1013 0.0029674376676138065
1014 0.0029674376676138065
1015 0.0029674376676138065
1016 0.0029674376676138065
1017 0.0029674376676138065
1018 0.0029674376676138065
1019 0.0029674376676138065
1020 0.0029674376676138065
1021 0.0029674376676138065
1022 0.0029674376676138065
1023 0.0029674376676138065
1024 0.0029674376676138065
1025 0.0029674376676138065
1026 0.0029674376676138065
1027 0.0029674376676138065
1028 0.0029674376676138065
1029 0.0029674376676138065
1030 0.0029674376676138065
1031 0.0029674376676138065
1032 0.0029674376676138065
1033 0.0029674376676138065
1034 0.0029674376676138065
1035 0.0029674376676138065
1036 0.0029674376676138065
1037 0.0029674376676138065
1038 0.0029674376676138065
1039 0.0029674376676138065
1040 0.0029674376676138065
1041 0.0029674376676138065
1042 0.0029674376676138065
1043 0.0029674376676138065
1044 0.0029674376676138065
1045 0.0029674376676138065
1046 0.0029674376676138065
1047 0.0029674376676138065
1048 0.0029674376676138065
1049 0.0029674376676138065
1050 0.0029674376676138065
1051 0.0029674376676138065
1052 0.0029674376676138065
1053 0.0029674376676138065
1054 0.0029674376676138065
1055 0.0029674376676138065
1056 0.0029674376676138065
1057 0.0029674376676138065
1058 0.0029674376676138065
1059 0.0029674376676138065
1060 0.0029674376676138065
1061 0.0029674376676138065
1062 0.0029674376676138065
1063 0.0029674376676138065
1064 0.0029674376676138065
1065 0.0029674376676138065
1066 0.0029674376676138065
1067 0.0029674376676138065
1068 0.0029674376676138065
1069 0.0029674376676138065
1070 0.0029674376676138065
1071 0.0029674376676138065
1072 0.0029674376676138065
1073 0.0029674376676138065
1074 0.0029674376676138065
1075 0.0029674376676138065
1076 0.0029674376676138065
1077 0.0029674376676138065
1078 0.0029674376676138065
1079 0.0029674376676138065
1080 0.0029674376676138065
1081 0.0029674376676138065
1082 0.0029674376676138065
1083 0.0029674376676138065
1084 0.0029674376676138065
1085 0.0029674376676138065
1086 0.0029674376676138065
1087 0.0029674376676138065
1088 0.0029674376676138065
1089 0.0029674376676138065
1090 0.0029674376676138065
1091 0.0029674376676138065
1092 0.0029674376676138065
1093 0.0029674376676138065
1094 0.0029674376676138065
1095 0.0029674376676138065
1096 0.0029674376676138065
1097 0.0029674376676138065
1098 0.0029674376676138065
1099 0.0029674376676138065
1100 0.0029674376676138065
1101 0.0029674376676138065
1102 0.0029674376676138065
1103 0.0029674376676138065
1104 0.0029674376676138065
1105 0.0029674376676138065
1106 0.0029674376676138065
1107 0.0029674376676138065
1108 0.0029674376676138065
1109 0.0029674376676138065
1110 0.0029674376676138065
1111 0.0029674376676138065
1112 0.0029674376676138065
1113 0.0029674376676138065
1114 0.0029674376676138065
1115 0.0029674376676138065
1116 0.0029674376676138065
1117 0.0029674376676138065
1118 0.0029674376676138065
1119 0.0029674376676138065
1120 0.0029674376676138065
1121 0.0029674376676138065
1122 0.0029674376676138065
1123 0.0029674376676138065
1124 0.0029674376676138065
1125 0.0029674376676138065
1126 0.0029674376676138065
1127 0.0029674376676138065
1128 0.0029674376676138065
1129 0.0029674376676138065
1130 0.0029674376676138065
1131 0.0029674376676138065
